160.24541411317193 33.4361787602811 3.3190516565009376
76.3674089441315 22.717703366504566 1.5738924811044728
158.62092341954096 26.983534569892576 3.047736228649172
142.50831320878564 27.757441319553912 3.255125237051173
73.1516552251542 18.373191917284426 2.1672276384312803
92.78732659969471 21.06919938331412 1.95304569270271
133.51240761555204 28.616503467998495 3.14362328541617
84.8492085899423 19.801969473520305 2.22359331725131
153.01866643809316 29.975060883620277 2.9634374616975108
78.5303094822848 17.236735429965183 1.831420295001857
82.69334971292469 20.932056425802543 2.1313671076278706
119.07027853464571 9.991339468386798 1.0772084638209791
108.06293715179574 8.337034720117089 0.9969923486894926
90.63328232475516 17.651132744789734 2.2011580446325603
87.02922842586594 20.835685884621817 2.1968025781053675
128.67499869177817 8.809226676187293 0.9497444135880474
113.36754584217967 8.849524515636215 0.9431110916957411
120.60345314309626 10.500914277095806 1.0687104169868302
117.86459204184575 12.896001690951122 1.0209414678132198
126.79438492462847 9.871902119303481 1.0054805154065678
